# cam_id width height fx fy cx cy k1 k2 p1 p2 cam_name qvecw qvecx qvecy qvecz tvecx tvecy tvecz
1 1280 720 1050.7759955811405 1054.6088855509197 605.933575783192 340.78853377020636 -0.392191184204557 0.13957587632116275 -0.0005709845712113381 0.00027931852369117004 cam00 -0.23106113751069457 -0.09522178055357314 0.935257222408997 0.25067407359413735 0.7543471683505188 -0.36396298419414913 1.3817138077670175
2 1280 720 1069.3643091791246 1069.9095378920715 685.3646202596138 338.30030288926133 -0.418841345380552 0.18809705251071618 -0.0026782187682540667 0.0014995153441690824 cam01 -0.6132582243238114 -0.09388534125823667 0.7391625789122358 0.262180424387182 0.2791522427415359 -0.35269445635709556 0.7945888142445051
3 1280 720 1060.7889138998532 1061.4142622646555 652.8422420616018 323.7072771608099 -0.4148452692541729 0.17306873986790464 -0.0010776568119551548 -0.0009593570515379318 cam02 -0.45254715939626977 0.15194950001741842 0.8684664077859846 -0.1337105699416902 0.6501513970035779 -0.7860109071351834 1.3617211583311177
4 1280 720 1058.6585495400848 1055.2762313758599 629.0224930514053 350.43885291581205 -0.39617163533765104 0.144540168852229 0.00012353558898123371 0.0017925731758205287 cam03 -0.285643475572817 0.21712439823358393 0.9210017035364061 -0.15172561628618755 0.7759702803934034 -0.6271014749023113 1.8103067450338355
5 1280 720 1055.7886490111268 1058.3770735053226 624.4509063316652 361.59664288409414 -0.42581583528425243 0.1995704835907676 0.0016790767301697166 -0.0014688330305474948 cam04 -0.7020021635708764 -0.051368728709512666 0.7024600973087224 0.10537565061055319 0.5339790696559679 -0.726357827669892 0.4939319067088964
6 1280 720 1054.9863437503489 1056.9419147298267 670.0279043924971 358.3967346715049 -0.3930469381856891 0.1395974875847025 -0.0013162533201292906 -0.00027155467514814195 cam05 -0.6340908017100372 0.12177514034201328 0.7465317102920692 -0.16059288872737523 0.5500393007301283 -0.7687617971637409 1.279625743546194
7 1280 720 1057.6386092052046 1057.059106972092 632.8346762999437 365.98357802669796 -0.4216520480702954 0.21737232724735708 -0.0011582488703517373 0.000805703495781192 cam06 -0.38406752775798997 -0.08452494975770782 0.8689953544382601 0.30032439287384766 0.4711987298583905 -0.39824045283470005 0.9197803438039126
8 1280 720 1051.3522652092975 1052.3294651221975 644.548305632757 392.88092359219763 -0.4171373031315061 0.1743522140131108 -0.0028761793778252 0.0012772233304682542 cam07 -0.1330271662517132 -0.025895644763811596 0.9806428423207768 0.14132517265630182 0.4915585474600014 -0.8015058354989251 1.3915927472755159
9 1280 720 1067.2542123254518 1068.483507202619 688.5438421491191 361.2080441306852 -0.3828886227381811 0.08178811352602985 -0.005102808453536036 -0.003890734484374803 cam08 0.825736883994593 0.1075340475741909 -0.5191742515936594 -0.19249187906344423 0.2741284404020146 -0.2046680957508303 0.6359172621525989
10 1280 720 1060.849077645196 1058.5203279020407 649.8263077072551 379.30073780752025 -0.4067244465444432 0.15148970854552984 -0.0020502277880972693 0.0004450749499943341 cam09 0.9633177545109115 0.1976237512563525 -0.14608512149956981 -0.10780952675843834 -0.7106699303758579 -0.18278028589173206 0.6571756331008751
11 1280 720 1056.0192441043237 1052.6959604964377 573.1473710684802 392.45025825393003 -0.4097138388277222 0.1416537021991684 -0.002090336239631225 0.0021250806118403524 cam10 0.9290586840415305 0.2535572527184762 -0.2535977569831663 -0.09081221753698811 -0.10132925090970069 -0.19372989306181562 0.3780709162337567
12 1280 720 1041.6843656174178 1043.3367508988745 644.6644390923956 349.0371060395945 -0.401000477979288 0.1526537692564957 -0.0017188096347819975 -0.003917417274402478 cam11 0.8114376458580855 -0.21256480972258862 -0.5394366675339678 0.07343861567142676 0.2876884306154811 -0.977377883675626 1.0652140999043413
13 1280 720 1096.667560191322 1101.6187945547913 634.9650716353132 337.01418877233544 -0.44593862664572625 0.23055858370168475 0.004724841167348086 -0.002568839456681916 cam12 0.8972958990959724 -0.3167375579692113 -0.2981683921571252 0.07505330609430781 -0.12199665471512133 -0.9082292966039005 1.068910458692189
14 1280 720 1078.5648292355809 1074.7284922430886 679.5795907173093 333.0359335561735 -0.43919030602591186 0.1568501975667797 0.0022896842066245124 0.0007777777383824512 cam13 0.949518258767219 -0.28170384023217726 -0.09475491840131874 0.10039685306259315 -0.42124650508474143 -0.9281229698626043 1.2840156753817435
15 1280 720 1067.0997249180618 1069.5973512840455 651.5793482966084 364.5545638335924 -0.40495110382396793 0.14197565974524162 -0.0025828921437129784 -0.001415143008235142 cam14 0.9997994583310665 -0.0018901252304818956 -0.018886623961450705 -0.0063848244187203 -0.4717618537905274 -0.71235352076399 0.7161750030713573
16 1280 720 1059.5238458621805 1059.9154480661607 656.0323952333206 368.53264877086093 -0.4125872701822961 0.1522899632481921 -0.001876103028795853 0.000745584413045824 cam15 0.9536838035667613 0.013478610920330848 -0.30003459903783497 -0.016875107178884297 -0.09017009917912855 -0.6685188921412031 0.26871511112205654
17 1280 720 1048.9433160577948 1050.3376707931577 675.6927693109724 355.2988146539208 -0.4107181837602556 0.1664581583061731 0.000265586947550757 -0.0021128702625119655 cam16 0.8140700966018207 -0.02571002296331896 -0.5776384434956082 -0.05443070028852281 0.24272183249500376 -0.6536637786121441 0.48208562205160194
18 1280 720 1084.4014909549223 1090.1299519007196 637.9595123109411 317.2256693411585 -0.41104267087000307 0.17293746344146535 -0.00619099943654592 0.0025093633055152244 cam17 0.9584057354720664 0.07260293019590888 0.22839736372254527 0.15499001576168295 -0.44195171897274327 -0.3285897915771432 1.0920362767023386
19 1280 720 1062.0317530700402 1061.2258844039275 657.6410878515018 320.5224324525741 -0.42524563708176644 0.19480625392793816 -0.0017487878812088402 0.0014633154542500724 cam18 0.7515997013668146 0.15251360729044566 0.6086326374517338 0.2034792400347449 -0.7145693226054949 -0.6851790387748582 1.4476070386440847
20 1280 720 1048.0176123140325 1053.0139092285592 642.3398832198307 343.91299291074256 -0.39293978297416543 0.11720245777187019 -0.0018276369771897019 -0.0023207590463353253 cam19 0.8695124805595559 0.15194202275426863 0.4552969216719476 0.11647480838601082 -0.590983764748375 -0.32615021301130803 1.1535472902020323
21 1280 720 1064.933175632681 1066.6951126412864 716.2249956871132 386.9346202910335 -0.4383226108403542 0.214050866709697 -0.0042473050086346735 -0.005213723567451622 cam20 0.8096098467177182 -0.31842870668262796 0.486278213195686 -0.0816612161883039 -0.4752867319711455 -0.40898515693738374 1.7299720545821509
22 1280 720 1083.125914109343 1083.2582013419883 614.1418638085266 340.7132179749288 -0.4147652483898341 0.15119636785066554 0.002933381593698117 0.006181090266748185 cam21 0.9209518009538795 -0.2602253887063727 0.2670567638818701 -0.11318662578841324 -0.5400987424961913 -0.5962367356355374 1.554487234108406
23 1280 720 1056.8428441587316 1058.2674132395018 657.9750804640715 336.0098511636524 -0.4034594787268283 0.15762890582495123 -0.00032756919546232476 0.0008490188368641366 cam22 0.7042364907542408 -0.263962982220074 0.6590611414147836 0.0035945771211015765 -0.3518169273205442 -0.6449675246752964 2.0336062195320586
24 1280 720 1083.786787524596 1086.5164766170528 625.2954427025988 341.62337871416656 -0.4097293760889439 0.15290991816106347 0.00022750325954780165 0.0016476279102065217 cam23 0.7333215131637117 -0.010495224089771155 0.6748440327243796 0.08194473807930444 -0.5576943460278067 -0.7370966237971229 1.573139423036949
25 1280 720 1080.6411822158295 1083.0006840667577 639.6058431619913 315.47606605475386 -0.415080051725085 0.16467015894289228 -0.0020247384762869676 0.004198446993855873 cam24 0.9773282014808726 -0.05454232940910415 0.19608735241970107 0.05834784583704541 -0.5138314762660919 -0.6821586134863709 0.996942176502176
26 1280 720 1036.6171822230683 1039.4186106670304 588.848543282804 370.3415260266279 -0.4096356376205913 0.16152530121141817 0.0006383010222028838 0.0019091034430660815 cam25 0.847043889164405 0.024162341939890447 0.5253954116028665 0.07676257244173915 -0.44957385372628217 -0.792551090266404 1.0274273809669203
27 1280 720 1087.614018058572 1092.3132298043743 685.7879666542624 330.9824335712592 -0.3444630096212198 0.008881349464068839 -0.003824059422093318 0.0005046882706950795 cam26 0.548092310089233 0.05378713644791726 0.7992831100402906 0.24051668045709784 -0.1838967536087558 -0.5886396676640789 1.8145530679132467
28 1280 720 1078.2441585324998 1075.5582318419517 638.390661690369 316.96072474053585 -0.41455577592943094 0.17202840442877537 -0.0006288661512961595 0.0006980146307357042 cam27 0.24332959149819672 0.07798987337888336 0.9049529060306529 0.3402477441781837 0.32173372336016237 -0.8086487416581414 1.4760146340413902
29 1280 720 1058.5442880751405 1056.6258230986807 670.4163061724989 402.7190231077105 -0.4183189479824686 0.18914042892024896 -0.0069259283155702275 0.0012312567476029117 cam28 0.12400390457859055 0.0995577511792088 0.9342290201434076 0.3192607457099777 0.008379995596037982 -0.8111392977573848 1.5907951332124783
30 1280 720 1034.564558044632 1033.8639191491955 655.8471723964383 326.99014423672696 -0.41366704317712194 0.15658742941792653 -0.0011927702151898858 0.0009815190876320888 cam29 0.303228133879679 -0.10391648950415165 0.9290678654357698 -0.1846265513072354 0.07398575438797893 -0.22502643854550983 2.0605601694220694
31 1280 720 1060.5115362805977 1060.5359925817552 660.4040053533982 325.3738771489983 -0.4348795220520184 0.2194024806253948 0.001648292219134012 -0.0001461758904146992 cam30 0.5251604836471473 -0.13665616016631446 0.8311105120437576 -0.12160130375310978 -0.1576060767597596 -0.3934326137119007 2.258112482066508
32 1280 720 1081.0127958982648 1077.5358803185143 659.1699427780214 368.727050491843 -0.44514852891917145 0.22871859891509014 0.0023062048159239574 -0.0009569855708486578 cam31 0.09190744399855813 -0.03786303533410051 0.9790866865028887 -0.1775068241103274 0.17319178967374366 -0.2531736702810551 2.1748305450212917
33 1280 720 1056.350968813177 1057.7292390694465 639.8798367412878 352.5572892193362 -0.41331336135818203 0.1721711241255882 0.00029156132696310315 0.0020931326560419726 cam32 0.019143029111674377 -0.02000399937032989 0.9869447382922968 0.1586614887197623 0.5354304723772132 -0.8618267806108412 1.5510776253817722
34 1280 720 1123.7306632332757 1125.414800717426 603.3662570152176 383.17943001808396 -0.45981525620661995 0.20204552077400809 -0.005161190853322408 0.007519053105286048 cam33 0.32414643940700655 0.003992896665804922 0.9340365268450228 0.1499630258272448 0.13292461497544467 -0.8464948777348459 1.6480144718460097
35 1280 720 1050.6244797515392 1055.5569584289824 652.2421023385061 368.645151581142 -0.41707811358014163 0.18097084302487393 0.00022457454834631468 -0.0024407954760970745 cam34 0.5802117512029865 0.03397126286257707 0.8068897134872042 0.10549534271247614 -0.3515600441003347 -0.8481656327797412 1.7544518056941927
36 1280 720 1051.5719080453132 1048.2259640661732 681.2130628446711 341.5306158263271 -0.39075434859255537 0.1284182339563255 -0.0009958794637970317 0.0003192732485471872 cam35 0.2581084644208266 0.10802036184582114 0.7835082192019335 0.554821135559953 0.16562137205083816 -0.933217682805591 1.0324151793283476
37 1280 720 1055.6741473343511 1054.7160019769856 666.5208894712995 339.7867711391758 -0.407087617741148 0.16144616498948325 -0.000482059407494614 -0.0004717017067849907 cam36 0.597414068465202 0.24861736264201145 0.6585512107948204 0.3841824313440967 -0.36467627920189966 -0.9121899534122371 1.2825338654881375
38 1280 720 1063.6556657124752 1063.0194660550144 618.5344164627429 387.42192211429307 -0.41841536084408465 0.1769183373237763 -0.0016937890927682354 0.0010025569163284206 cam37 0.9220588106700431 0.37984338574360554 0.06564722763988082 0.034885433575888324 -0.5368860518798357 -0.23477492999723681 0.7788482507939333
39 1280 720 1047.8090382523797 1047.116941041089 658.7061338229245 341.8559333399463 -0.40430620160503583 0.14149502504049558 0.00043367646633861337 0.0018091971204649492 cam38 0.805010424905439 0.38986541800318836 0.38027650007419256 0.23527208744363703 -0.6212871757000998 -0.4189161647020239 0.8324548224420987
40 1280 720 1053.965421869817 1053.033093047951 670.1540773251401 395.6083269895731 -0.41221327203574115 0.17322559929186737 0.0003060331023656145 -1.2032770822784177e-05 cam39 -0.090097155294186 0.0038711452440189412 0.8578135363525191 0.5059876023113417 0.5620614482903239 -0.8132697904148425 1.163820009619223
41 1280 720 1064.7018093067757 1064.1788393251554 666.3280990147455 357.8778210403435 -0.39826550452590087 0.129349400416877 -0.0010941541666538463 -0.0005676983703439551 cam40 0.7599775854799268 0.3223245040485332 -0.5071856825928955 -0.2475957734508938 0.4041249789937378 0.0105774286735219 0.638365951102611
42 1280 720 1066.9870373216834 1067.086724173576 675.9578621646896 356.0776143466002 -0.42406118691221806 0.17914353930877516 -0.002008923789398172 0.002476841106845288 cam41 0.8286763593295728 0.4169352147933233 -0.3214449076668265 -0.19008863587441377 -0.17547223070503642 0.16294563793651418 0.447782465637801
43 1280 720 1020.8979106222341 1021.8144355067196 661.0869983070975 368.94078272765904 -0.401178977034325 0.15856556271023703 -0.0019911079512716424 0.00246405017420963 cam42 -0.335715216578126 -0.28118433388382974 0.5793999343236793 0.6874055424870571 0.655231148813347 0.07398462711081176 0.40240067947597696
44 1280 720 1063.4868602923166 1065.0679523572635 626.8391440399656 384.78462022140684 -0.42050958006328376 0.20702161846534106 0.002710202035979381 0.000494015388093427 cam43 -0.41074798923747663 -0.18780615795237107 0.7389828029634233 0.499919346791921 0.6295369537129102 -0.27325752621853683 0.6912191013245326
45 1280 720 1073.4733315796684 1072.0829295899698 659.7747717474098 309.81613837222153 -0.44124651650765884 0.2103858352376326 0.001055853151497986 0.00042949163170042396 cam44 0.8174133783026183 -0.4945425500556023 -0.27300027835932045 0.11284450882580126 -0.1578180700233174 -0.8684421375818593 1.2916624539563717
46 1280 720 1062.8501248387697 1061.9602873880856 639.8281268573166 312.4287372541451 -0.4030624516834773 0.14598144210379574 0.0028593633801890905 0.002912657640015714 cam45 0.854090227159604 -0.5074870550580696 0.10911982804414103 -0.03285781408677086 -0.4823164554216687 -0.36476838689233737 1.6671083598032144
47 1280 720 1088.5356323285032 1090.3538326918786 616.18150368839 318.58185685923394 -0.4372102978718888 0.23630407355961977 -0.00024009425660522128 0.0040349101642417 cam46 0.7660772403908693 -0.46040556145276235 0.4225460021978038 -0.1503570974883806 -0.5877102499281649 -0.2986189239428615 1.736648927078037
48 1280 720 1057.5680905008642 1060.0266218841523 636.5286680975527 309.21143036528423 -0.41254963579328735 0.16263672099516194 0.0014122559403312955 0.0017418299807192418 cam47 0.5638055978951688 -0.33614608034209714 0.7055186000077754 -0.26715644385974274 -0.3492287335144462 0.26664286913917334 2.159490250127336
49 1280 720 1079.7793965087278 1082.6984648166074 642.0290411295806 323.90397051176956 -0.39315368840323567 0.1330985736095896 0.0021329956224358103 -0.002114607559425875 cam48 0.632593822599629 -0.4039464474942635 -0.6066610747359067 0.261944008455677 0.29077036082967145 -0.4756249942139663 1.561264753442807
50 1280 720 1066.4491172873818 1068.9889377569039 663.688875455034 302.2020935508658 -0.39882952500100244 0.14769598526124086 6.58394584678508e-05 0.0011002078860057715 cam49 -0.08123799451475887 0.08084848069026747 0.9208476401409171 -0.3726976456381225 0.5335005120571509 0.1087129114092923 2.0529406040405846
51 1280 720 1042.0521942196553 1040.6638564484763 676.512295426901 303.4222374749273 -0.4066485851936306 0.14063836803447138 0.0037302925372610838 0.0004682631483070848 cam50 0.28402645729058784 -0.1472203453531684 0.8729497444515865 -0.36825790573314476 0.0380707104107742 0.1681560304003713 1.9854674840938555
52 1280 720 1068.0529083924769 1069.161461411377 656.3096228964363 341.1271997103852 -0.42848333269464967 0.19655141887042935 -0.0012753615981465456 0.0026155253962118256 cam51 -0.5966586111990302 0.660350040656079 -0.332794239413657 0.31174399705631006 -0.7165035412263047 0.11445131727931594 1.474902909645367
53 1280 720 1097.0092566651504 1097.8968531852884 691.1372358242452 329.57503280594045 -0.43239520595831793 0.21249618507881526 -7.350970827987845e-05 -0.0009076787736164341 cam52 -0.3712826140347262 0.24388935809035228 0.823383901051899 -0.35313758368994547 0.5798009029530421 -0.41590611689855256 1.6075545427178268
